19601.000000
19160.000000
18736.000000
18328.000000
17934.000000
17564.000000
17203.000000
16846.000000
16491.000000
16146.000000
15785.000000
15433.000000
15096.000000
14749.000000
14458.000000
14160.000000
13884.000000
13607.000000
13323.000000
13034.000000
12754.000000
12474.000000
12206.000000
11936.000000
11696.000000
11467.000000
11249.000000
11034.000000
10806.000000
10583.000000
10345.000000
10120.000000
9908.000000
9686.000000
9500.000000
9313.000000
9150.000000
8978.000000
8810.000000
8628.000000
8429.000000
8251.000000
8078.000000
7914.000000
7756.000000
7620.000000
7483.000000
7350.000000
7220.000000
7075.000000
6925.000000
6769.000000
6629.000000
6489.000000
6382.000000
6268.000000
6160.000000
6062.000000
5960.000000
5842.000000
5712.000000
5594.000000
5485.000000
5373.000000
5271.000000
5192.000000
5112.000000
5042.000000
4945.000000
4858.000000
4757.000000
4656.000000
4558.000000
4475.000000
4391.000000
4335.000000
4271.000000
4222.000000
4154.000000
4088.000000
3999.000000
3914.000000
3834.000000
3763.000000
3711.000000
3653.000000
3607.000000
3571.000000
3516.000000
3460.000000
3396.000000
3328.000000
3257.000000
3203.000000
3160.000000
3114.000000
3090.000000
3052.000000
3002.000000
2965.000000
2911.000000
2835.000000
2798.000000
2734.000000
2710.000000
2683.000000
2659.000000
2658.000000
2612.000000
2570.000000
2529.000000
2476.000000
2420.000000
2397.000000
2361.000000
2330.000000
2330.000000
2321.000000
2295.000000
2248.000000
2212.000000
2182.000000
2136.000000
2102.000000
2074.000000
2072.000000
2063.000000
2062.000000
2040.000000
2004.000000
1960.000000
1927.000000
1899.000000
1876.000000
1855.000000
1862.000000
1858.000000
1843.000000
1837.000000
1808.000000
1774.000000
1734.000000
1710.000000
1699.000000
1687.000000
1673.000000
1681.000000
1680.000000
1677.000000
1649.000000
1618.000000
1596.000000
1575.000000
1556.000000
1550.000000
1547.000000
1548.000000
1558.000000
1541.000000
1538.000000
1508.000000
1473.000000
1452.000000
1438.000000
1435.000000
1437.000000
1435.000000
1443.000000
1439.000000
1424.000000
1399.000000
1373.000000
1355.000000
1345.000000
1348.000000
1346.000000
1362.000000
1362.000000
1358.000000
1340.000000
1319.000000
1292.000000
1277.000000
1267.000000
1267.000000
1273.000000
1281.000000
1292.000000
1293.000000
1282.000000
1262.000000
1233.000000
1220.000000
1202.000000
1207.000000
1224.000000
1236.000000
1247.000000
1234.000000
1223.000000
